15 0.198698 0.462500 0.034896 0.056481
15 0.268750 0.700000 0.037500 0.061111
15 0.313281 0.679630 0.041146 0.068519
15 0.432812 0.669444 0.034375 0.068519
15 0.510938 0.598148 0.041667 0.077778
15 0.550781 0.532407 0.032813 0.083333
15 0.565365 0.490278 0.031771 0.060185
15 0.434375 0.230093 0.036458 0.063889
15 0.644271 0.044444 0.050000 0.059259
15 0.789844 0.378704 0.034896 0.083333
15 0.916667 0.487963 0.041667 0.079630
15 0.835156 0.628704 0.036979 0.070370
15 0.852083 0.690741 0.043750 0.074074
15 0.938021 0.693519 0.040625 0.064815
15 0.843750 0.804630 0.043750 0.083333
15 0.816927 0.906944 0.040104 0.078704
15 0.661719 0.872685 0.042188 0.076852
15 0.521615 0.884722 0.041146 0.076852
15 0.127344 0.868519 0.038021 0.062963
15 0.061458 0.918056 0.038542 0.084259
15 0.038802 0.721759 0.041146 0.073148
15 0.065885 0.073148 0.036979 0.064815
15 0.033073 0.062500 0.040104 0.067593
15 0.503385 0.731481 0.039062 0.075926
15 0.972396 0.861574 0.039583 0.069444
15 0.725000 0.897222 0.034375 0.062963
15 0.755208 0.908333 0.029167 0.068519
15 0.337500 0.715278 0.027083 0.067593
