15 0.531250 0.508796 0.016667 0.036111
15 0.597135 0.440741 0.016146 0.029630
15 0.643750 0.444444 0.018750 0.033333
15 0.698438 0.415278 0.017708 0.026852
15 0.677344 0.361111 0.018229 0.027778
15 0.697917 0.358796 0.015625 0.023148
15 0.738802 0.325463 0.015104 0.025000
15 0.746094 0.562500 0.020313 0.030556
15 0.720052 0.531019 0.016146 0.028704
15 0.578385 0.632407 0.018229 0.031481
15 0.604948 0.625000 0.020313 0.029630
15 0.617188 0.596296 0.019792 0.027778
15 0.628125 0.525000 0.014583 0.037037
15 0.659635 0.555556 0.013021 0.025926
15 0.713021 0.627315 0.014583 0.025000
15 0.637500 0.707870 0.017708 0.030556
15 0.632292 0.634722 0.015625 0.034259
15 0.644271 0.735648 0.016667 0.036111
15 0.646875 0.848148 0.019792 0.029630
15 0.584115 0.770370 0.018229 0.025926
15 0.605469 0.724537 0.015104 0.026852
15 0.593229 0.678241 0.015625 0.026852
15 0.584375 0.706019 0.011458 0.025000
15 0.563021 0.725463 0.013542 0.026852
15 0.531510 0.728704 0.013021 0.033333
15 0.509896 0.466204 0.016667 0.034259
15 0.482552 0.335648 0.018229 0.028704
15 0.472135 0.356481 0.015104 0.027778
15 0.563021 0.326852 0.015625 0.027778
15 0.596094 0.323148 0.018229 0.031481
15 0.613802 0.403241 0.016146 0.025000
15 0.746875 0.642593 0.017708 0.031481
15 0.736979 0.678241 0.014583 0.026852
15 0.750000 0.675000 0.018750 0.025926
15 0.777865 0.672685 0.010937 0.025000
15 0.710938 0.755556 0.013542 0.031481
15 0.723437 0.765278 0.013542 0.021296
15 0.724479 0.837500 0.018750 0.025000
15 0.740365 0.830093 0.015104 0.026852
15 0.747396 0.854630 0.015625 0.025926
15 0.695573 0.896759 0.019271 0.030556
15 0.764583 0.885648 0.019792 0.028704
15 0.783333 0.871759 0.014583 0.037963
15 0.458854 0.751852 0.015625 0.031481
15 0.421875 0.728704 0.014583 0.027778
15 0.395573 0.675926 0.014063 0.027778
15 0.406510 0.662963 0.018229 0.022222
15 0.389583 0.442130 0.017708 0.026852
15 0.408333 0.443981 0.015625 0.023148
15 0.411719 0.369907 0.015104 0.028704
15 0.434375 0.287500 0.013542 0.028704
15 0.405208 0.722222 0.012500 0.035185
15 0.456250 0.823611 0.018750 0.030556
15 0.775781 0.782870 0.016146 0.023148
15 0.794531 0.771296 0.011979 0.027778
15 0.807031 0.750463 0.019271 0.028704
15 0.803906 0.763426 0.011979 0.025000
15 0.794531 0.933796 0.016146 0.034259
15 0.630469 0.895833 0.020313 0.026852
15 0.602604 0.907407 0.015625 0.035185
15 0.621094 0.945833 0.017188 0.023148
15 0.511198 0.806019 0.017188 0.030556
15 0.492448 0.905093 0.015104 0.023148
15 0.553125 0.956944 0.015625 0.028704
15 0.668750 0.965741 0.016667 0.020370
15 0.733073 0.979630 0.016146 0.035185
15 0.747135 0.975000 0.011979 0.040741
15 0.825260 0.937500 0.014063 0.025000
15 0.866927 0.902315 0.014063 0.034259
15 0.880469 0.903704 0.016146 0.033333
15 0.885938 0.837500 0.015625 0.026852
15 0.927344 0.828241 0.014063 0.032407
15 0.951823 0.749074 0.011979 0.035185
15 0.942969 0.824074 0.014063 0.033333
15 0.898177 0.869907 0.020313 0.019444
15 0.858594 0.970370 0.016146 0.029630
15 0.823177 0.962963 0.017188 0.027778
15 0.829427 0.989815 0.013021 0.020370
15 0.472656 0.807870 0.016146 0.030556
15 0.479948 0.826389 0.014063 0.028704
15 0.490625 0.843981 0.015625 0.019444
15 0.417448 0.840278 0.018229 0.030556
15 0.376563 0.505556 0.018750 0.035185
15 0.309635 0.649074 0.013021 0.025926
15 0.344792 0.741667 0.013542 0.040741
15 0.369271 0.800926 0.015625 0.035185
15 0.373698 0.836111 0.024479 0.031481
15 0.392969 0.895833 0.015104 0.036111
15 0.379948 0.950926 0.024479 0.038889
15 0.435937 0.931019 0.020833 0.025000
15 0.639844 0.988889 0.022396 0.022222
15 0.589063 0.750000 0.019792 0.024074
15 0.350000 0.506944 0.016667 0.025000
15 0.305469 0.520833 0.016146 0.025000
15 0.285938 0.643056 0.018750 0.025000
15 0.286979 0.811111 0.013542 0.033333
15 0.313021 0.852778 0.017708 0.029630
15 0.320052 0.870370 0.015104 0.022222
15 0.313281 0.920833 0.016146 0.036111
15 0.334635 0.909722 0.017188 0.032407
15 0.516146 0.369444 0.015625 0.022222
15 0.516927 0.342130 0.016146 0.025000
15 0.512760 0.282407 0.014063 0.029630
15 0.538802 0.271296 0.019271 0.033333
15 0.460677 0.404167 0.017188 0.028704
15 0.363802 0.356481 0.016146 0.027778
15 0.419792 0.147222 0.018750 0.025926
15 0.444792 0.164815 0.014583 0.027778
15 0.472135 0.138889 0.020313 0.025926
15 0.564063 0.118981 0.014583 0.026852
15 0.515365 0.226852 0.016146 0.029630
15 0.631510 0.326389 0.015104 0.028704
15 0.652604 0.274074 0.013542 0.031481
15 0.731510 0.271759 0.014063 0.028704
15 0.733073 0.229167 0.013021 0.036111
15 0.745833 0.226852 0.012500 0.029630
15 0.706771 0.244907 0.014583 0.037963
15 0.692708 0.237037 0.011458 0.031481
15 0.677344 0.239352 0.017188 0.028704
15 0.650000 0.217130 0.015625 0.028704
15 0.660417 0.236574 0.012500 0.032407
15 0.607812 0.206481 0.014583 0.031481
15 0.619531 0.127778 0.015104 0.031481
15 0.614844 0.110648 0.009896 0.026852
15 0.609635 0.057407 0.016146 0.037037
15 0.634375 0.063889 0.017708 0.031481
15 0.595052 0.087037 0.015104 0.031481
15 0.332031 0.237500 0.017188 0.037963
15 0.977344 0.860648 0.022396 0.032407
15 0.937500 0.607407 0.019792 0.031481
15 0.890885 0.612963 0.017188 0.024074
15 0.918750 0.428241 0.016667 0.032407
15 0.943229 0.462037 0.020833 0.031481
15 0.895312 0.433796 0.022917 0.034259
15 0.865104 0.395370 0.019792 0.029630
15 0.838802 0.395370 0.017188 0.029630
15 0.819010 0.329167 0.014063 0.036111
15 0.844010 0.249074 0.017188 0.029630
15 0.888802 0.289815 0.015104 0.029630
15 0.882031 0.231944 0.018229 0.039815
15 0.779427 0.166204 0.022396 0.032407
15 0.742969 0.048148 0.016146 0.033333
15 0.761979 0.049074 0.015625 0.029630
15 0.950260 0.212037 0.016146 0.031481
15 0.980208 0.098611 0.022917 0.032407
15 0.950521 0.053704 0.016667 0.037037
15 0.820833 0.060648 0.015625 0.023148
15 0.929948 0.341667 0.018229 0.022222
15 0.935156 0.368981 0.014063 0.032407
15 0.946094 0.351389 0.010937 0.043519
15 0.960677 0.290741 0.015104 0.029630
15 0.983594 0.235648 0.018229 0.036111
15 0.984896 0.169444 0.014583 0.024074
15 0.966927 0.339815 0.011979 0.027778
15 0.977865 0.363426 0.017188 0.026852
15 0.979427 0.341667 0.015104 0.020370
15 0.931771 0.323148 0.016667 0.018519
15 0.861458 0.290741 0.020833 0.027778
15 0.354687 0.098611 0.018750 0.021296
15 0.436198 0.246759 0.014063 0.025000
15 0.288021 0.273611 0.016667 0.028704
15 0.304948 0.345370 0.014063 0.029630
15 0.269531 0.268519 0.017188 0.037037
15 0.287760 0.158333 0.011979 0.025926
15 0.348438 0.034722 0.020833 0.037963
15 0.236198 0.459722 0.018229 0.026852
15 0.285156 0.393981 0.019271 0.026852
15 0.206510 0.421759 0.020313 0.030556
15 0.231250 0.493519 0.014583 0.033333
15 0.258854 0.497222 0.016667 0.025926
15 0.265365 0.550463 0.018229 0.032407
15 0.235677 0.578241 0.015104 0.028704
15 0.217969 0.722222 0.022396 0.029630
15 0.315625 0.988426 0.018750 0.023148
15 0.237500 0.931481 0.017708 0.027778
15 0.197135 0.801389 0.021354 0.021296
15 0.166146 0.773611 0.018750 0.023148
15 0.252083 0.534259 0.015625 0.033333
15 0.105208 0.959259 0.017708 0.033333
15 0.474479 0.656481 0.017708 0.038889
