15 0.629167 0.606944 0.022917 0.026852
15 0.652604 0.573148 0.017708 0.027778
15 0.672135 0.660648 0.016146 0.028704
15 0.667448 0.684722 0.018229 0.025000
15 0.640885 0.629630 0.020313 0.037037
15 0.558333 0.521759 0.014583 0.034259
15 0.526042 0.624074 0.015625 0.035185
15 0.556510 0.682407 0.013021 0.022222
15 0.574479 0.631481 0.014583 0.033333
15 0.594271 0.662500 0.011458 0.028704
15 0.603385 0.649074 0.018229 0.024074
15 0.601562 0.536574 0.017708 0.028704
15 0.615625 0.560648 0.018750 0.023148
15 0.630469 0.515278 0.016146 0.032407
15 0.638542 0.429167 0.012500 0.030556
15 0.655990 0.405556 0.015104 0.033333
15 0.673177 0.434722 0.014063 0.030556
15 0.683333 0.810185 0.017708 0.027778
15 0.643229 0.919907 0.014583 0.032407
15 0.643229 0.868519 0.012500 0.024074
15 0.591927 0.817593 0.013021 0.022222
15 0.561458 0.765741 0.017708 0.025926
15 0.541927 0.774074 0.015104 0.022222
15 0.488802 0.756481 0.017188 0.029630
15 0.520573 0.702315 0.016146 0.023148
15 0.469010 0.670370 0.017188 0.033333
15 0.466406 0.614815 0.016146 0.025926
15 0.703125 0.853241 0.014583 0.032407
15 0.715885 0.910185 0.016146 0.031481
15 0.645833 0.984722 0.018750 0.030556
15 0.574740 0.968056 0.013021 0.030556
15 0.535156 0.969444 0.016146 0.031481
15 0.520833 0.878241 0.014583 0.036111
15 0.501042 0.940278 0.016667 0.037963
15 0.470052 0.900926 0.015104 0.029630
15 0.565365 0.801389 0.010937 0.026852
15 0.720052 0.651389 0.011979 0.025000
15 0.727604 0.587037 0.015625 0.022222
15 0.496094 0.450000 0.014063 0.027778
15 0.523177 0.372685 0.014063 0.037963
15 0.481250 0.266667 0.016667 0.025926
15 0.622656 0.250000 0.013021 0.018519
15 0.618229 0.233796 0.014583 0.023148
15 0.689844 0.249074 0.014063 0.027778
15 0.635156 0.151389 0.015104 0.026852
15 0.597917 0.092593 0.013542 0.029630
15 0.872917 0.965278 0.012500 0.026852
15 0.923698 0.690741 0.014063 0.027778
15 0.940885 0.706481 0.015104 0.025926
15 0.930729 0.545370 0.012500 0.022222
15 0.831771 0.512500 0.016667 0.021296
15 0.746875 0.598148 0.012500 0.027778
15 0.772396 0.697222 0.014583 0.022222
15 0.936458 0.295370 0.016667 0.033333
15 0.752083 0.305093 0.013542 0.034259
15 0.839844 0.275926 0.015104 0.024074
15 0.763281 0.205093 0.016146 0.028704
15 0.829427 0.028704 0.018229 0.027778
15 0.900000 0.044444 0.015625 0.033333
15 0.955469 0.149537 0.015104 0.034259
15 0.538542 0.140278 0.011458 0.023148
15 0.472917 0.125463 0.018750 0.030556
15 0.475781 0.437963 0.017188 0.031481
15 0.444531 0.493056 0.014063 0.036111
15 0.386979 0.555556 0.016667 0.027778
15 0.391146 0.641667 0.015625 0.033333
15 0.386979 0.749074 0.012500 0.029630
15 0.377604 0.693056 0.014583 0.030556
15 0.407813 0.792593 0.017708 0.025926
15 0.406250 0.876389 0.012500 0.019444
15 0.299219 0.696759 0.019271 0.021296
15 0.275521 0.928704 0.013542 0.029630
15 0.228906 0.931944 0.015104 0.025000
15 0.255729 0.761111 0.019792 0.031481
15 0.347917 0.738889 0.015625 0.038889
15 0.406771 0.839815 0.018750 0.031481
15 0.365365 0.492130 0.013021 0.019444
15 0.300781 0.250463 0.013021 0.026852
15 0.312500 0.238889 0.016667 0.025926
15 0.439063 0.210185 0.015625 0.018519
15 0.459375 0.089352 0.013542 0.034259
15 0.192969 0.831481 0.011979 0.027778
15 0.348698 0.881019 0.017188 0.023148
15 0.449479 0.866667 0.014583 0.024074
15 0.448437 0.767130 0.013542 0.026852
15 0.207552 0.893056 0.016146 0.028704
15 0.245573 0.853704 0.017188 0.029630
15 0.295052 0.523148 0.014063 0.029630
15 0.267708 0.327315 0.014583 0.028704
15 0.132031 0.195370 0.014063 0.025926
15 0.204427 0.109259 0.014063 0.029630
15 0.219792 0.085648 0.016667 0.034259
15 0.276042 0.071296 0.012500 0.029630
15 0.343490 0.180556 0.015104 0.035185
15 0.302865 0.135648 0.014063 0.026852
15 0.336198 0.038889 0.014063 0.025926
15 0.205208 0.625926 0.012500 0.037037
15 0.373177 0.628241 0.011979 0.023148
15 0.435677 0.729167 0.013021 0.019444
15 0.785937 0.534722 0.015625 0.021296
15 0.785677 0.774074 0.018229 0.024074
15 0.776302 0.793519 0.020313 0.020370
15 0.731771 0.777315 0.013542 0.021296
15 0.334896 0.428704 0.014583 0.033333
15 0.330469 0.450463 0.018229 0.023148
