15 0.436458 0.284259 0.018750 0.029630
15 0.462760 0.332407 0.013021 0.022222
15 0.459115 0.358796 0.016146 0.023148
15 0.467187 0.373148 0.013542 0.029630
15 0.483594 0.371759 0.016146 0.026852
15 0.428385 0.350926 0.017188 0.033333
15 0.428125 0.383796 0.010417 0.023148
15 0.428125 0.413889 0.017708 0.031481
15 0.370312 0.482407 0.013542 0.027778
15 0.388281 0.329167 0.011979 0.030556
15 0.376823 0.335648 0.011979 0.026852
15 0.365625 0.340741 0.011458 0.022222
15 0.348958 0.267593 0.019792 0.020370
15 0.504427 0.410185 0.015104 0.025926
15 0.517448 0.423148 0.011979 0.014815
15 0.467708 0.500000 0.013542 0.022222
15 0.478385 0.525926 0.014063 0.031481
15 0.481771 0.554167 0.016667 0.025000
15 0.359115 0.545833 0.017188 0.026852
15 0.530469 0.606944 0.014063 0.028704
15 0.532813 0.632407 0.019792 0.024074
15 0.531250 0.667130 0.015625 0.023148
15 0.575260 0.547222 0.013021 0.029630
15 0.617188 0.570370 0.012500 0.022222
15 0.640885 0.468519 0.016146 0.024074
15 0.655208 0.431019 0.011458 0.025000
15 0.640625 0.431019 0.010417 0.025000
15 0.582292 0.516667 0.016667 0.020370
15 0.642708 0.540278 0.014583 0.021296
15 0.655729 0.535648 0.009375 0.019444
15 0.453385 0.574074 0.011979 0.025926
15 0.339323 0.709259 0.013021 0.027778
15 0.418490 0.748148 0.016146 0.024074
15 0.385677 0.837037 0.015104 0.033333
15 0.567969 0.736111 0.014063 0.029630
15 0.573698 0.758796 0.011979 0.026852
15 0.638281 0.712963 0.013021 0.029630
15 0.641927 0.737963 0.015104 0.022222
15 0.630729 0.572222 0.014583 0.031481
15 0.672917 0.624537 0.012500 0.034259
15 0.660937 0.647685 0.011458 0.023148
15 0.667969 0.842593 0.018229 0.027778
15 0.632552 0.856481 0.019271 0.024074
15 0.518490 0.879167 0.020313 0.026852
15 0.427344 0.907407 0.013021 0.027778
15 0.394531 0.910648 0.015104 0.028704
15 0.337240 0.935648 0.014063 0.025000
15 0.572135 0.957870 0.013021 0.028704
15 0.629948 0.937037 0.011979 0.033333
15 0.635938 0.915278 0.010417 0.030556
15 0.596094 0.771759 0.016146 0.026852
15 0.669271 0.706019 0.014583 0.025000
15 0.391406 0.414352 0.019271 0.028704
15 0.402604 0.389352 0.012500 0.034259
15 0.569531 0.423148 0.008854 0.024074
15 0.657292 0.879167 0.014583 0.019444
15 0.536458 0.988426 0.016667 0.023148
15 0.692187 0.955556 0.011458 0.020370
15 0.822396 0.878241 0.013542 0.030556
15 0.931771 0.717593 0.013542 0.029630
15 0.736458 0.770370 0.016667 0.025926
15 0.703646 0.757870 0.013542 0.030556
15 0.748698 0.806019 0.017188 0.021296
15 0.731510 0.667593 0.015104 0.022222
15 0.743490 0.696759 0.016146 0.028704
15 0.725521 0.595833 0.014583 0.025000
15 0.739062 0.607407 0.014583 0.024074
15 0.756771 0.603704 0.013542 0.031481
15 0.756250 0.626389 0.017708 0.025000
15 0.820052 0.612037 0.020313 0.020370
15 0.901042 0.845833 0.015625 0.023148
15 0.906771 0.618519 0.016667 0.025926
15 0.914844 0.563889 0.017188 0.024074
15 0.966927 0.478241 0.015104 0.025000
15 0.759115 0.441667 0.016146 0.029630
15 0.729427 0.424074 0.014063 0.022222
15 0.700521 0.281019 0.013542 0.023148
15 0.689063 0.263426 0.015625 0.028704
15 0.654167 0.282407 0.014583 0.027778
15 0.616667 0.288426 0.015625 0.030556
15 0.647396 0.257407 0.014583 0.025926
15 0.760677 0.320833 0.015104 0.028704
15 0.917708 0.294444 0.011458 0.029630
15 0.890885 0.375926 0.011979 0.025926
15 0.840104 0.260185 0.015625 0.029630
15 0.973698 0.304167 0.015104 0.026852
15 0.715365 0.163426 0.014063 0.028704
15 0.727083 0.118981 0.015625 0.026852
15 0.752083 0.151389 0.010417 0.025000
15 0.773698 0.217593 0.013021 0.037037
15 0.720052 0.041667 0.018229 0.025926
15 0.644792 0.118519 0.021875 0.031481
15 0.957292 0.068056 0.016667 0.030556
15 0.856510 0.399074 0.016146 0.022222
15 0.882552 0.334259 0.014063 0.029630
15 0.904427 0.362037 0.013021 0.025926
15 0.923958 0.374074 0.015625 0.029630
15 0.925781 0.527778 0.011979 0.022222
15 0.979688 0.621296 0.014583 0.024074
15 0.928646 0.834722 0.019792 0.034259
15 0.755469 0.922685 0.019271 0.028704
15 0.779167 0.932870 0.014583 0.025000
15 0.327083 0.870370 0.012500 0.020370
15 0.276302 0.797685 0.017188 0.025000
15 0.141406 0.735185 0.015104 0.029630
15 0.265365 0.960185 0.016146 0.033333
15 0.264583 0.656019 0.013542 0.030556
15 0.284635 0.675926 0.014063 0.027778
15 0.324479 0.570370 0.018750 0.029630
15 0.269010 0.563426 0.017188 0.025000
15 0.262760 0.541204 0.020313 0.025000
15 0.122135 0.750926 0.016146 0.022222
15 0.193750 0.567130 0.015625 0.036111
15 0.241667 0.447222 0.014583 0.033333
15 0.213021 0.379167 0.015625 0.036111
15 0.211198 0.457407 0.014063 0.033333
15 0.261198 0.622222 0.014063 0.031481
15 0.343229 0.879167 0.011458 0.026852
15 0.296615 0.460185 0.014063 0.031481
15 0.300000 0.229167 0.017708 0.034259
15 0.251563 0.400926 0.017708 0.029630
15 0.280990 0.147222 0.017188 0.035185
15 0.144531 0.200463 0.018229 0.030556
15 0.464844 0.034259 0.017188 0.033333
15 0.576823 0.042593 0.016146 0.024074
15 0.568229 0.201389 0.017708 0.030556
15 0.514844 0.186111 0.017188 0.020370
15 0.535156 0.276852 0.014063 0.035185
15 0.547396 0.303241 0.015625 0.032407
15 0.430469 0.211574 0.021354 0.025000
15 0.482292 0.822222 0.012500 0.022222
15 0.407292 0.714815 0.014583 0.027778
15 0.534115 0.918981 0.018229 0.034259
15 0.874219 0.154167 0.016146 0.030556
15 0.813542 0.176389 0.014583 0.030556
15 0.260937 0.372222 0.011458 0.024074
15 0.300521 0.322222 0.014583 0.031481
