15 0.564323 0.642130 0.024479 0.032407
15 0.639062 0.560648 0.014583 0.025000
15 0.669531 0.514815 0.018229 0.027778
15 0.675781 0.487963 0.014063 0.025926
15 0.695312 0.472222 0.014583 0.035185
15 0.746875 0.411574 0.016667 0.036111
15 0.765365 0.432407 0.019271 0.022222
15 0.772917 0.468056 0.016667 0.034259
15 0.620052 0.371759 0.011979 0.026852
15 0.654427 0.407407 0.013021 0.022222
15 0.632552 0.321296 0.011979 0.022222
15 0.594531 0.350926 0.013021 0.024074
15 0.597656 0.375463 0.014063 0.025000
15 0.498437 0.526389 0.013542 0.025000
15 0.603385 0.605556 0.013021 0.024074
15 0.625000 0.660185 0.012500 0.022222
15 0.655469 0.567130 0.017188 0.023148
15 0.671354 0.611111 0.017708 0.031481
15 0.660156 0.713426 0.016146 0.028704
15 0.661198 0.765278 0.014063 0.030556
15 0.611198 0.777778 0.017188 0.025926
15 0.573438 0.707870 0.014583 0.025000
15 0.471354 0.717130 0.015625 0.026852
15 0.476823 0.561111 0.015104 0.031481
15 0.457813 0.509722 0.017708 0.030556
15 0.441406 0.531944 0.017188 0.019444
15 0.411719 0.354167 0.018229 0.026852
15 0.391146 0.370833 0.013542 0.026852
15 0.371875 0.418519 0.019792 0.029630
15 0.382292 0.451389 0.015625 0.026852
15 0.381771 0.498611 0.014583 0.037963
15 0.381510 0.588889 0.018229 0.018519
15 0.353125 0.559722 0.016667 0.026852
15 0.434635 0.404167 0.015104 0.019444
15 0.495052 0.231944 0.008854 0.021296
15 0.565885 0.236574 0.015104 0.026852
15 0.624740 0.289815 0.009896 0.025926
15 0.522396 0.137963 0.013542 0.029630
15 0.469792 0.161574 0.013542 0.025000
15 0.395833 0.238426 0.015625 0.026852
15 0.363542 0.360185 0.013542 0.024074
15 0.354687 0.295833 0.012500 0.025000
15 0.336719 0.306019 0.017188 0.034259
15 0.354948 0.399537 0.014063 0.025000
15 0.339583 0.437500 0.014583 0.025000
15 0.297135 0.389815 0.017188 0.025926
15 0.296875 0.278704 0.018750 0.031481
15 0.277865 0.278704 0.018229 0.031481
15 0.244792 0.330556 0.016667 0.029630
15 0.246094 0.391204 0.017188 0.032407
15 0.222656 0.363889 0.020313 0.024074
15 0.275781 0.381019 0.014063 0.025000
15 0.311198 0.428241 0.011979 0.030556
15 0.302344 0.575463 0.017188 0.025000
15 0.332031 0.571296 0.017188 0.022222
15 0.421354 0.703704 0.018750 0.029630
15 0.421094 0.723611 0.014063 0.017593
15 0.405208 0.708333 0.012500 0.020370
15 0.446094 0.695833 0.021354 0.023148
15 0.450521 0.723148 0.014583 0.035185
15 0.332813 0.800000 0.016667 0.027778
15 0.213542 0.674074 0.013542 0.024074
15 0.178906 0.654630 0.015104 0.020370
15 0.169792 0.948611 0.015625 0.030556
15 0.240885 0.596759 0.011979 0.032407
15 0.172396 0.420370 0.015625 0.024074
15 0.167969 0.352315 0.014063 0.030556
15 0.229687 0.539352 0.013542 0.032407
15 0.097917 0.219907 0.012500 0.021296
15 0.030469 0.310648 0.014063 0.032407
15 0.238021 0.240741 0.014583 0.022222
15 0.343490 0.177315 0.018229 0.023148
15 0.469010 0.884259 0.015104 0.025926
15 0.457031 0.905556 0.013021 0.038889
15 0.434115 0.969444 0.014063 0.031481
15 0.423177 0.962963 0.015104 0.031481
15 0.274479 0.831019 0.015625 0.032407
15 0.145052 0.930093 0.017188 0.028704
15 0.480469 0.935648 0.013021 0.028704
15 0.470833 0.960185 0.017708 0.027778
15 0.549219 0.970370 0.013021 0.035185
15 0.530990 0.985185 0.015104 0.029630
15 0.690885 0.869907 0.013021 0.032407
15 0.674479 0.887963 0.012500 0.033333
15 0.569271 0.844444 0.016667 0.022222
15 0.690104 0.829630 0.015625 0.024074
15 0.698958 0.938889 0.012500 0.020370
15 0.754948 0.875000 0.015104 0.031481
15 0.812240 0.911111 0.016146 0.025926
15 0.832552 0.887963 0.013021 0.024074
15 0.866667 0.852315 0.014583 0.025000
15 0.898698 0.815741 0.015104 0.024074
15 0.781771 0.790741 0.014583 0.020370
15 0.767188 0.710185 0.014583 0.025926
15 0.748698 0.750000 0.016146 0.022222
15 0.725260 0.746296 0.013021 0.022222
15 0.704688 0.737037 0.011458 0.020370
15 0.602604 0.906019 0.013542 0.021296
15 0.823698 0.597685 0.015104 0.026852
15 0.790365 0.609722 0.014063 0.023148
15 0.790885 0.646759 0.015104 0.028704
15 0.804427 0.687500 0.010937 0.026852
15 0.820573 0.715278 0.011979 0.034259
15 0.850000 0.665278 0.014583 0.026852
15 0.904948 0.682870 0.013021 0.025000
15 0.809375 0.469907 0.014583 0.026852
15 0.900781 0.779630 0.021354 0.024074
15 0.908854 0.902315 0.013542 0.025000
15 0.742188 0.982407 0.013542 0.027778
15 0.867708 0.207870 0.014583 0.023148
15 0.751823 0.256019 0.015104 0.025000
15 0.741146 0.247222 0.012500 0.020370
15 0.761198 0.151852 0.016146 0.029630
15 0.751302 0.179630 0.015104 0.025926
15 0.769531 0.208333 0.014063 0.022222
15 0.695312 0.082407 0.017708 0.020370
15 0.574740 0.091667 0.020313 0.018519
15 0.549479 0.104167 0.015625 0.023148
15 0.551562 0.021759 0.011458 0.030556
15 0.703646 0.059259 0.015625 0.029630
15 0.831510 0.046759 0.014063 0.023148
15 0.890625 0.091667 0.016667 0.029630
15 0.889583 0.120833 0.012500 0.026852
15 0.885417 0.150463 0.011458 0.025000
15 0.902865 0.129167 0.015104 0.032407
15 0.918750 0.104167 0.014583 0.041667
15 0.922396 0.179167 0.019792 0.025000
15 0.918490 0.031019 0.014063 0.030556
15 0.931510 0.285185 0.017188 0.025926
15 0.910156 0.246759 0.016146 0.028704
15 0.889062 0.348611 0.012500 0.032407
15 0.962760 0.337500 0.018229 0.023148
15 0.984635 0.277315 0.015104 0.023148
15 0.900260 0.543056 0.016146 0.028704
15 0.947396 0.944444 0.016667 0.027778
15 0.969792 0.927315 0.013542 0.032407
15 0.876563 0.304630 0.018750 0.025926
15 0.871875 0.335185 0.015625 0.038889
15 0.694531 0.961111 0.017188 0.031481
15 0.960156 0.888889 0.010937 0.027778
15 0.521875 0.031481 0.019792 0.035185
15 0.544792 0.243519 0.014583 0.029630
15 0.562760 0.263889 0.011979 0.022222
15 0.467187 0.576389 0.010417 0.021296
15 0.331510 0.109259 0.016146 0.018519
15 0.201042 0.083333 0.017708 0.025926
15 0.390104 0.838889 0.013542 0.018519
