15 0.567969 0.384722 0.017188 0.032407
15 0.599740 0.397685 0.014063 0.025000
15 0.629427 0.321759 0.018229 0.028704
15 0.655208 0.386111 0.013542 0.035185
15 0.501823 0.367130 0.014063 0.028704
15 0.476823 0.376389 0.016146 0.028704
15 0.484115 0.418056 0.016146 0.025000
15 0.471354 0.487963 0.016667 0.024074
15 0.451823 0.480093 0.017188 0.023148
15 0.448698 0.504630 0.015104 0.025926
15 0.443490 0.548148 0.018229 0.029630
15 0.399479 0.561111 0.015625 0.033333
15 0.398958 0.381944 0.016667 0.030556
15 0.379427 0.323611 0.015104 0.034259
15 0.403906 0.699537 0.015104 0.023148
15 0.430469 0.712500 0.017188 0.034259
15 0.518750 0.710648 0.013542 0.032407
15 0.541146 0.651852 0.014583 0.024074
15 0.509635 0.578704 0.009896 0.022222
15 0.530990 0.462500 0.015104 0.023148
15 0.605208 0.546759 0.011458 0.021296
15 0.653646 0.528241 0.016667 0.028704
15 0.652344 0.597222 0.014063 0.033333
15 0.662240 0.652315 0.014063 0.030556
15 0.722917 0.620370 0.012500 0.027778
15 0.705208 0.699074 0.020833 0.024074
15 0.736979 0.530556 0.011458 0.031481
15 0.690104 0.402315 0.013542 0.028704
15 0.720573 0.324537 0.017188 0.026852
15 0.734375 0.352778 0.015625 0.027778
15 0.690625 0.352778 0.015625 0.027778
15 0.645573 0.217130 0.017188 0.025000
15 0.619010 0.202778 0.013021 0.018519
15 0.595573 0.240278 0.019271 0.025000
15 0.686198 0.193981 0.014063 0.026852
15 0.702344 0.199537 0.018229 0.021296
15 0.720573 0.229167 0.019271 0.028704
15 0.726042 0.253704 0.017708 0.024074
15 0.455208 0.230093 0.017708 0.026852
15 0.429948 0.224074 0.013021 0.029630
15 0.444010 0.170833 0.015104 0.026852
15 0.440365 0.113426 0.016146 0.032407
15 0.385677 0.193056 0.014063 0.030556
15 0.401562 0.299074 0.016667 0.022222
15 0.542188 0.184722 0.015625 0.028704
15 0.546094 0.150926 0.015104 0.029630
15 0.530208 0.031481 0.018750 0.037037
15 0.719271 0.117593 0.018750 0.025926
15 0.726823 0.093056 0.015104 0.026852
15 0.695833 0.299074 0.012500 0.022222
15 0.657292 0.451389 0.012500 0.023148
15 0.733333 0.787500 0.018750 0.028704
15 0.610677 0.796759 0.014063 0.025000
15 0.581771 0.868981 0.016667 0.021296
15 0.519792 0.865741 0.015625 0.033333
15 0.483594 0.838426 0.010937 0.032407
15 0.480469 0.758796 0.015104 0.023148
15 0.462240 0.838426 0.017188 0.026852
15 0.428125 0.770833 0.011458 0.021296
15 0.504167 0.706944 0.012500 0.017593
15 0.571615 0.949537 0.014063 0.026852
15 0.400521 0.954630 0.017708 0.024074
15 0.396094 0.989815 0.017188 0.020370
15 0.395573 0.921759 0.016146 0.025000
15 0.403906 0.887963 0.014063 0.027778
15 0.429427 0.893519 0.018229 0.020370
15 0.427083 0.935648 0.015625 0.021296
15 0.423958 0.742593 0.013542 0.018519
15 0.388021 0.643056 0.020833 0.028704
15 0.391667 0.664352 0.015625 0.019444
15 0.453646 0.206019 0.017708 0.019444
15 0.659896 0.410648 0.014583 0.025000
15 0.670833 0.448611 0.010417 0.023148
15 0.771875 0.382870 0.016667 0.032407
15 0.759896 0.432407 0.017708 0.024074
15 0.787500 0.307407 0.016667 0.022222
15 0.802344 0.313889 0.017188 0.022222
15 0.844531 0.531019 0.015104 0.021296
15 0.878125 0.447222 0.011458 0.024074
15 0.869010 0.512500 0.017188 0.019444
15 0.871094 0.350926 0.014063 0.024074
15 0.869010 0.196759 0.016146 0.028704
15 0.885156 0.163889 0.013021 0.018519
15 0.898698 0.267593 0.019271 0.025926
15 0.813021 0.050926 0.020833 0.035185
15 0.761979 0.071759 0.010417 0.017593
15 0.648177 0.109722 0.014063 0.023148
15 0.938802 0.337037 0.014063 0.027778
15 0.869792 0.084722 0.016667 0.026852
15 0.829688 0.726389 0.014583 0.028704
15 0.757292 0.762037 0.013542 0.025926
15 0.815104 0.660648 0.019792 0.025000
15 0.749740 0.745833 0.014063 0.025000
15 0.802865 0.751852 0.013021 0.024074
15 0.888802 0.696759 0.011979 0.028704
15 0.861979 0.830093 0.015625 0.030556
15 0.745573 0.925463 0.014063 0.021296
15 0.894792 0.636111 0.015625 0.025926
15 0.833594 0.681019 0.017188 0.028704
15 0.646094 0.088889 0.016146 0.022222
15 0.340885 0.604167 0.013021 0.023148
15 0.363542 0.611574 0.015625 0.019444
15 0.369531 0.647685 0.017188 0.026852
15 0.371354 0.675000 0.015625 0.025926
15 0.283073 0.692130 0.017188 0.026852
15 0.281250 0.573148 0.020833 0.024074
15 0.312240 0.557870 0.009896 0.017593
15 0.331510 0.658796 0.015104 0.021296
15 0.333333 0.539815 0.016667 0.025926
15 0.317188 0.474074 0.014583 0.022222
15 0.290365 0.474537 0.017188 0.025000
15 0.320833 0.451852 0.017708 0.024074
15 0.338021 0.456481 0.014583 0.024074
15 0.326302 0.406019 0.015104 0.028704
15 0.330990 0.378704 0.015104 0.025926
15 0.246354 0.411574 0.017708 0.034259
15 0.241927 0.329167 0.013021 0.028704
15 0.210417 0.370370 0.015625 0.029630
15 0.217708 0.396759 0.012500 0.023148
15 0.190885 0.419907 0.017188 0.025000
15 0.216927 0.604167 0.022396 0.028704
15 0.191927 0.621759 0.019271 0.023148
15 0.170833 0.699537 0.010417 0.032407
15 0.205208 0.648611 0.015625 0.036111
15 0.253385 0.756944 0.017188 0.028704
15 0.172135 0.738889 0.016146 0.033333
15 0.310677 0.859259 0.015104 0.024074
15 0.353906 0.788889 0.014063 0.035185
15 0.263281 0.807407 0.014063 0.033333
15 0.218490 0.638889 0.015104 0.025926
15 0.228385 0.631019 0.015104 0.028704
15 0.235156 0.544444 0.015104 0.033333
15 0.301823 0.223611 0.014063 0.028704
15 0.331771 0.274537 0.013542 0.023148
15 0.319271 0.188889 0.017708 0.027778
15 0.319531 0.211574 0.015104 0.023148
15 0.292969 0.194907 0.020313 0.028704
15 0.336198 0.137963 0.014063 0.024074
15 0.305990 0.104167 0.022396 0.028704
15 0.220312 0.044444 0.012500 0.027778
15 0.267188 0.050000 0.019792 0.025926
15 0.207552 0.039352 0.016146 0.023148
15 0.255208 0.838426 0.013542 0.026852
15 0.228385 0.683333 0.014063 0.029630
15 0.942969 0.583333 0.015104 0.020370
15 0.886458 0.293981 0.013542 0.032407
15 0.955990 0.160648 0.014063 0.036111
15 0.494792 0.101389 0.016667 0.032407
